'''
import numpy as np
import matplotlib.pyplot as plt

data = np.array([])
fig, ax = plt.subplots()
heatmap = ax.pcolor(data, cmap=plt.cm.Blues)
plt.xticks([1,2,3,4,5])
plt.show()
'''

import matplotlib.pyplot as plt
import numpy as np

data = np.array([
[0.2,0.0,0.016304347826086956,0.00851063829787234,0.0,0.00477326968973747,0.0,0.0,0.0,0.020202020202020204,0.0,0.14473684210526316,0.0033222591362126247,0.0,],
[0.0,0.2,0.004608294930875576,0.003745318352059925,0.008547008547008548,0.00576036866359447,7.176175098672408E-4,0.011834319526627219,0.0,0.015197568389057751,0.004962779156327543,0.0,0.007936507936507936,0.00798175598631699,],
[0.016304347826086956,0.004608294930875576,0.2,0.009584664536741214,0.08333333333333333,0.012087912087912088,0.0,0.031746031746031744,0.00253592561284869,0.018666666666666668,0.007042253521126761,0.00796812749003984,0.01636904761904762,0.005393743257820928,],
[0.00851063829787234,0.003745318352059925,0.009584664536741214,0.2,0.005291005291005291,0.01040582726326743,0.0041739130434782605,0.009174311926605505,0.0,0.009345794392523364,0.0011025358324145535,0.006644518272425249,0.025174825174825177,0.015511892450879007,],
[0.0,0.008547008547008548,0.08333333333333333,0.005291005291005291,0.2,0.01468048359240069,0.004876462938881665,0.017377567140600316,0.008403361344537815,0.01597444089456869,0.009074410163339383,0.005952380952380952,0.01737242128121607,0.020654044750430294,],
[0.00477326968973747,0.00576036866359447,0.012087912087912088,0.01040582726326743,0.01468048359240069,0.2,0.009832272990167727,0.024509803921568627,0.019944598337950138,0.008754863813229572,0.007323568575233023,0.002207505518763797,0.012869038607115822,0.01730769230769231,],
[0.0,7.176175098672408E-4,0.0,0.0041739130434782605,0.004876462938881665,0.009832272990167727,0.2,0.0010141987829614604,0.00669882100750268,0.0,0.0014602803738317756,0.0,0.0015389350569405972,0.008928571428571428,],
[0.0,0.011834319526627219,0.031746031746031744,0.009174311926605505,0.017377567140600316,0.024509803921568627,0.0010141987829614604,0.2,0.008468052347959968,0.014028056112224449,0.017616580310880828,0.005333333333333333,0.0319693094629156,0.01832208293153327,],
[0.0,0.0,0.00253592561284869,0.0,0.008403361344537815,0.019944598337950138,0.00669882100750268,0.008468052347959968,0.2,0.0015384615384615385,0.005656108597285068,0.0,0.006277463904582548,0.012575177692728267,],
[0.020202020202020204,0.015197568389057751,0.018666666666666668,0.009345794392523364,0.01597444089456869,0.008754863813229572,0.0,0.014028056112224449,0.0015384615384615385,0.2,0.01142263759086189,0.010958904109589041,0.01913265306122449,0.008662175168431183,],
[0.0,0.004962779156327543,0.007042253521126761,0.0011025358324145535,0.009074410163339383,0.007323568575233023,0.0014602803738317756,0.017616580310880828,0.005656108597285068,0.01142263759086189,0.2,0.001184834123222749,0.003147128245476003,0.012624584717607974,],
[0.14473684210526316,0.0,0.00796812749003984,0.006644518272425249,0.005952380952380952,0.002207505518763797,0.0,0.005333333333333333,0.0,0.010958904109589041,0.001184834123222749,0.2,0.0029940119760479044,0.0021810250817884407,],
[0.0033222591362126247,0.007936507936507936,0.01636904761904762,0.025174825174825177,0.01737242128121607,0.012869038607115822,0.0015389350569405972,0.0319693094629156,0.006277463904582548,0.01913265306122449,0.003147128245476003,0.0029940119760479044,0.2,0.060534591194968554,],
[0.0,0.00798175598631699,0.005393743257820928,0.015511892450879007,0.020654044750430294,0.01730769230769231,0.008928571428571428,0.01832208293153327,0.012575177692728267,0.008662175168431183,0.012624584717607974,0.0021810250817884407,0.060534591194968554,0.2,]
])
column_labels = [
"artdb","cdb","dmdw","dmkd","dolap","fqas","ideal","krdb","nldb","oodbs","oois","rtdb","webdb","widm"
]

row_labels = column_labels
fig, ax = plt.subplots()
heatmap = ax.pcolor(data, cmap=plt.cm.Blues)

# put the major ticks at the middle of each cell
ax.set_xticks(np.arange(data.shape[0])+0.5, minor=False)
ax.set_yticks(np.arange(data.shape[1])+0.5, minor=False)



# want a more natural, table-like display
ax.invert_yaxis()
ax.xaxis.tick_top()

ax.set_xticklabels(row_labels, minor=False,rotation=45, fontsize=9)
ax.set_yticklabels(column_labels, minor=False, fontsize = 10)
plt.show()
